9
42.6794836 -83.1954630
42.6794780 -83.1952400
42.6794355 -83.1950568
42.6792900 -83.1952915
42.6792414 -83.1950434
42.6791469 -83.1952067
42.6790849 -83.1950213 
42.6790546 -83.1953351 
42.679220 -83.1954670



1 starting at 1, oakland

42.6794836 -83.1954630
42.6794780 -83.1952400
42.6794355 -83.1950568
42.6792900 -83.1952915
42.6792414 -83.1950434
42.6791469 -83.1952067
42.6790849 -83.1950213 
42.6790546 -83.1953351 
42.679220 -83.1954670


7 starting at 7 SAIC
42.6791469 -83.1952067
42.6790849 -83.1950213 
42.6790546 -83.1953351 
42.679220 -83.1954670
42.6794836 -83.1954630
42.6794780 -83.1952400
42.6794355 -83.1950568
42.6792900 -83.1952915
42.6792414 -83.1950434

9 starting at 9 NDIA
42.6791469 -83.1952067
42.6790546 -83.1953351 
42.679220 -83.1954670
42.6794836 -83.1954630
42.6794780 -83.1952400
42.6794355 -83.1950568
42.6792900 -83.1952915
42.6792414 -83.1950434
42.6790849 -83.1950213 



1 - 2 - 4 - 3 - 5 - 7 - 6 - 9 - 8 - 1

7 - 6 - 9 - 8 - 1 - 2 - 4 - 3 - 5 - 7

9 - 6 - 8 - 1 - 2 - 4 - 3 - 5 - 7 - 9




1 - 8 - 9 - 6 - 7 - 3 - 4 - 2 - 5 - 1

7 - 6 - 9 - 8 - 1 - 5 - 3 - 4 - 2 - 7

1: 42.679220 -83.1954670
2: 42.6794836 -83.1954630
3: 42.6794355 -83.1950568
4: 42.6794780 -83.1952400
5: 42.6792900 -83.1952915
6: 42.6791469 -83.1952067
7: 42.6792414 -83.1950434
8: 42.6790546 -83.1953351 
9: 42.6790849 -83.1950213 


other not important values
42.6769113 -83.1950309 
42.6769184 -83.1952196 
42.6769113 -83.1950309 

42.6774112 -83.1954046
42.6772334 -83.1953973
